Generated by GetData Graph Digitizer 2.25.0.32 on August 30 2018, 21:32
from file 'D:\Workspace\Evaluation\PowerElectronics\LossRelatedCruve\FF1000R17IE4_v3.2\Vce_Ic_IGBT_FF1000R17IE4v3.2.JPG'

Line #1
 
 2.72478206724782e+000    1.20132013201320e+003
 2.69987546699875e+000    1.18591859185919e+003
 2.66998754669988e+000    1.15951595159516e+003
 2.64508094645081e+000    1.14191419141914e+003
 2.61021170610212e+000    1.11771177117712e+003
 2.58530510585305e+000    1.10011001100110e+003
 2.55541718555417e+000    1.08030803080308e+003
 2.53051058530511e+000    1.06050605060506e+003
 2.50062266500623e+000    1.03850385038504e+003
 2.47073474470735e+000    1.01870187018702e+003
 2.44582814445828e+000    9.98899889988999e+002
 2.41594022415940e+000    9.76897689768977e+002
 2.39103362391034e+000    9.57095709570957e+002
 2.36114570361146e+000    9.37293729372937e+002
 2.33125778331258e+000    9.17491749174917e+002
 2.30136986301370e+000    8.95489548954896e+002
 2.27148194271482e+000    8.73487348734873e+002
 2.24657534246575e+000    8.53685368536854e+002
 2.21170610211706e+000    8.31683168316832e+002
 2.19178082191781e+000    8.14081408140814e+002
 2.15691158156912e+000    7.92079207920792e+002
 2.13200498132005e+000    7.72277227722772e+002
 2.10211706102117e+000    7.50275027502750e+002
 2.07222914072229e+000    7.30473047304730e+002
 2.04234122042341e+000    7.10671067106711e+002
 2.01245330012453e+000    6.88668866886689e+002
 1.98754669987547e+000    6.73267326732673e+002
 1.96264009962640e+000    6.53465346534653e+002
 1.92777085927771e+000    6.31463146314632e+002
 1.89788293897883e+000    6.11661166116612e+002
 1.87297633872976e+000    5.94059405940594e+002
 1.84806973848070e+000    5.74257425742574e+002
 1.81818181818182e+000    5.54455445544555e+002
 1.78829389788294e+000    5.36853685368537e+002
 1.77833125778331e+000    5.30253025302530e+002
 1.75840597758406e+000    5.14851485148515e+002
 1.72851805728518e+000    4.95049504950495e+002
 1.69863013698630e+000    4.77447744774477e+002
 1.66874221668742e+000    4.57645764576458e+002
 1.62889165628892e+000    4.33443344334433e+002
 1.59900373599004e+000    4.15841584158416e+002
 1.56413449564135e+000    3.93839383938394e+002
 1.50933997509340e+000    3.60836083608361e+002
 1.43960149439601e+000    3.21232123212321e+002
 1.37982565379826e+000    2.88228822882288e+002
 1.30012453300125e+000    2.46424642464246e+002
 1.23038605230386e+000    2.04620462046205e+002
 1.16562889165629e+000    1.80418041804180e+002
 1.13075965130760e+000    1.65016501650165e+002
 1.08592777085928e+000    1.45214521452145e+002
 1.04607721046077e+000    1.27612761276128e+002
 1.00622665006227e+000    1.12211221122112e+002
 9.76338729763387e-001    1.01210121012101e+002
 9.31506849315068e-001    8.58085808580858e+001
 8.86674968866750e-001    7.04070407040704e+001
 8.46824408468244e-001    5.94059405940594e+001
 8.01992528019925e-001    4.62046204620462e+001
 7.57160647571607e-001    3.52035203520352e+001
 7.07347447073475e-001    2.64026402640264e+001
 6.62515566625156e-001    1.76017601760176e+001
 6.12702366127024e-001    1.10011001100110e+001
