Generated by GetData Graph Digitizer 2.25.0.32 on August 30 2018, 21:28
from file 'D:\Workspace\Evaluation\PowerElectronics\LossRelatedCruve\FF1000R17IE4_v3.2\Vce_Ic_IGBT_FF1000R17IE4v3.2.JPG'

Line #1
 2.60024906600249e+000    1.20572057205721e+003
 2.56537982565380e+000    1.17931793179318e+003
 2.54545454545455e+000    1.16391639163916e+003
 2.51556662515567e+000    1.13531353135314e+003
 2.50062266500623e+000    1.12431243124312e+003
 2.46575342465753e+000    1.09790979097910e+003
 2.44582814445828e+000    1.08250825082508e+003
 2.41594022415940e+000    1.05610561056106e+003
 2.40099626400996e+000    1.04290429042904e+003
 2.37110834371108e+000    1.01650165016502e+003
 2.34620174346202e+000    9.98899889988999e+002
 2.31631382316314e+000    9.72497249724973e+002
 2.29638854296389e+000    9.57095709570957e+002
 2.26151930261519e+000    9.30693069306931e+002
 2.24159402241594e+000    9.13091309130913e+002
 2.20672478206725e+000    8.86688668866887e+002
 2.18679950186799e+000    8.71287128712871e+002
 2.15691158156912e+000    8.44884488448845e+002
 2.13698630136986e+000    8.27282728272827e+002
 2.10211706102117e+000    8.00880088008801e+002
 2.08219178082192e+000    7.87678767876788e+002
 2.04732254047323e+000    7.61276127612761e+002
 2.02739726027397e+000    7.43674367436744e+002
 1.99750933997509e+000    7.19471947194720e+002
 1.97758405977584e+000    7.04070407040704e+002
 1.94271481942715e+000    6.77667766776678e+002
 1.92278953922790e+000    6.62266226622662e+002
 1.89290161892902e+000    6.40264026402640e+002
 1.87297633872976e+000    6.24862486248625e+002
 1.83810709838107e+000    5.98459845984598e+002
 1.81320049813200e+000    5.80858085808581e+002
 1.78331257783313e+000    5.56655665566557e+002
 1.75840597758406e+000    5.41254125412541e+002
 1.72353673723537e+000    5.14851485148515e+002
 1.69863013698630e+000    4.99449944994499e+002
 1.66874221668742e+000    4.75247524752475e+002
 1.64383561643836e+000    4.59845984598460e+002
 1.60896637608966e+000    4.35643564356436e+002
 1.58405977584060e+000    4.18041804180418e+002
 1.48443337484433e+000    3.52035203520352e+002
 1.42465753424658e+000    3.16831683168317e+002
 1.34993773349938e+000    2.70627062706271e+002
 1.30510585305106e+000    2.46424642464246e+002
 1.22042341220423e+000    2.00220022002200e+002
 1.16064757160648e+000    1.67216721672167e+002
 1.13075965130760e+000    1.54015401540154e+002
 1.08592777085928e+000    1.32013201320132e+002
 1.06600249066002e+000    1.25412541254125e+002
 1.05105853051059e+000    1.18811881188119e+002
 1.00622665006227e+000    9.90099009900990e+001
 9.81320049813201e-001    9.24092409240924e+001
 9.76338729763387e-001    9.02090209020902e+001
 9.26525529265255e-001    7.04070407040704e+001
 9.06600249066002e-001    6.38063806380638e+001
 8.96637608966376e-001    5.94059405940594e+001
 8.36861768368618e-001    4.40044004400440e+001
 8.21917808219178e-001    3.96039603960396e+001
 8.06973848069738e-001    3.30033003300330e+001
